  0.000000           0.636800
  0.098950           0.636800
  0.197900           0.999485
  0.296840           0.999485
  0.395790           1.278895
  0.494740           1.278895
  0.593690           1.606715
  0.692630           1.606715
  0.791580           2.141730
  0.890530           2.141730
  0.989480           2.161870
  1.088430           2.161870
  1.187370           2.416150
  1.286320           2.416150
  1.385270           2.422715
  1.484220           2.422715
  1.583160           2.608840
  1.682110           2.608840
  1.781060           2.756045
  1.880010           2.756045
  1.978960           2.492990
  2.077900           2.492990
  2.176850           2.729530
  2.275800           2.729530
  2.374750           2.572635
  2.473700           2.572635
  2.572640           2.398880
  2.671590           2.398880
  2.770540           2.201570
  2.869490           2.201570
  2.968430           2.044840
  3.067380           2.044840
  3.166330           1.799935
  3.265280           1.799935
  3.364230           1.809285
  3.463170           1.809285
  3.562120           1.701025
  3.661070           1.701025
  3.760020           1.579340
  3.858960           1.579340
  3.957910           1.446205
  4.056860           1.446205
  4.155810           1.567740
  4.254760           1.567740
  4.353700           1.316095
  4.452650           1.316095
  4.551600           1.425360
  4.650550           1.425360
  4.749490           1.561600
  4.848440           1.561600
  4.947390           1.515635
  5.046340           1.515635
  5.145290           1.598790
  5.244230           1.598790
  5.343180           1.700070
  5.442130           1.700070
  5.541080           2.051660
  5.640020           2.051660
  5.738970           2.133945
  5.837920           2.133945
  5.936870           2.406125
  6.035820           2.406125
  6.134760           2.689385
  6.233710           2.689385
  6.332660           3.087480
  6.431610           3.087480
  6.530550           3.028745
  6.629500           3.028745
  6.728450           3.179350
  6.827400           3.179350
  6.926350           3.552695
  7.025290           3.552695
  7.124240           3.719270
  7.223190           3.719270
  7.322140           3.919680
  7.421090           3.919680
  7.520030           3.821815
  7.618980           3.821815
  7.717930           4.054360
  7.816880           4.054360
  7.915820           4.110490
  8.014770           4.110490
  8.113720           4.092275
  8.212670           4.092275
  8.311620           4.065380
  8.410560           4.065380
  8.509510           4.063970
  8.608460           4.063970
  8.707410           3.814835
  8.806350           3.814835
  8.905300           3.477230
  9.004250           3.477230
  9.103200           3.621255
  9.202150           3.621255
  9.301090           3.397890
  9.400040           3.397890
  9.498990           3.226380
  9.597940           3.226380
  9.696880           2.893480
  9.795830           2.893480
  9.894780           2.896740
  9.993730           2.896740
 10.092680           2.738000
 10.191620           2.738000
 10.290570           2.615740
 10.389520           2.615740
 10.488470           2.579470
 10.587410           2.579470
 10.686360           2.670615
 10.785310           2.670615
 10.884260           2.443335
 10.983210           2.443335
 11.082150           2.632430
 11.181100           2.632430
 11.280050           2.666880
 11.379000           2.666880
 11.477940           2.918000
 11.576890           2.918000
 11.675840           2.809995
 11.774790           2.809995
 11.873740           3.121135
 11.972680           3.121135
 12.071630           3.246245
 12.170580           3.246245
 12.269530           3.686785
 12.368480           3.686785
 12.467420           3.609580
 12.566370           3.609580
