Each column shows all Wavelet Coefficients, the first column is the data vector.


       0.407360       0.636800       0.818143       1.130474       1.708045       2.091856       1.930372       2.617710
       0.866240       0.999485       1.442805       2.285616       2.475666       1.768887       3.305048       0.687338
       0.704950       1.278895       2.151800       2.646851       1.580623       3.687920      -0.161484      -0.161484
       1.294020       1.606715       2.419433       2.304481       1.957151       2.922176      -0.382872      -0.382872
       1.330840       2.141730       2.682443       1.722396       3.545424       0.383811       0.383811       0.383811
       1.226950       2.161870       2.611260       1.438850       3.830416       0.188264       0.188264       0.188264
       1.469180       2.416150       2.485758       1.594024       2.757970       0.142496       0.142496       0.142496
       1.744250       2.422715       2.123205       2.320279       3.086381       0.164206       0.164206       0.164206
       2.079930       2.608840       1.804610       3.212068       0.577571       0.577571       0.577571       0.577571
       2.203530       2.756045       1.640182       3.878781      -0.171185      -0.171185      -0.171185      -0.171185
       1.909270       2.492990       1.506973       4.083029      -0.141773      -0.141773      -0.141773      -0.141773
       2.414470       2.729530       1.370728       3.577803       0.363127       0.363127       0.363127       0.363127
       2.495640       2.572635       1.538617       2.938650       0.333357       0.333357       0.333357       0.333357
       2.336660       2.398880       1.649430       2.577290      -0.252613      -0.252613      -0.252613      -0.252613
       2.559950       2.201570       2.092803       2.756826      -0.180680      -0.180680      -0.180680      -0.180680
       2.285480       2.044840       2.547755       3.415936       0.329555       0.329555       0.329555       0.329555
       2.469040       1.799935       3.058113       0.312331       0.312331       0.312331       0.312331       0.312331
       2.748640       1.809285       3.366023       0.133816       0.133816       0.133816       0.133816       0.133816
       2.708640       1.701025       3.819475      -0.035591      -0.035591      -0.035591      -0.035591      -0.035591
       2.803450       1.579340       3.938087      -0.181276      -0.181276      -0.181276      -0.181276      -0.181276
       2.652480       1.446205       4.101382      -0.082214      -0.082214      -0.082214      -0.082214      -0.082214
       2.333500       1.567740       4.064675      -0.068123      -0.068123      -0.068123      -0.068123      -0.068123
       2.721880       1.316095       3.646033       0.055406       0.055406       0.055406       0.055406       0.055406
       2.737180       1.425360       3.509573       0.227476       0.227476       0.227476       0.227476       0.227476
       2.574260       1.561600       3.059930       0.153955       0.153955       0.153955       0.153955       0.153955
       2.571010       1.515635       2.817370       0.059306       0.059306       0.059306       0.059306       0.059306
       2.514260       1.598790       2.597605      -0.018354      -0.018354      -0.018354      -0.018354      -0.018354
       2.283500       1.700070       2.556975      -0.068230      -0.068230      -0.068230      -0.068230      -0.068230
       2.354830       2.051660       2.649655      -0.121280      -0.121280      -0.121280      -0.121280      -0.121280
       2.048310       2.133945       2.863997      -0.020315      -0.020315      -0.020315      -0.020315      -0.020315
       2.248230       2.406125       3.183690       0.107171       0.107171       0.107171       0.107171       0.107171
       1.841450       2.689385       3.648183       0.232246       0.232246       0.232246       0.232246       0.232246
       1.893150       3.087480       0.181343       0.181343       0.181343       0.181343       0.181343       0.181343
       1.706720       3.028745       0.163910       0.163910       0.163910       0.163910       0.163910       0.163910
       1.661950       3.179350       0.010070       0.010070       0.010070       0.010070       0.010070       0.010070
       1.956620       3.552695       0.003283       0.003283       0.003283       0.003283       0.003283       0.003283
       1.826530       3.719270       0.073603       0.073603       0.073603       0.073603       0.073603       0.073603
       1.575520       3.919680       0.118270       0.118270       0.118270       0.118270       0.118270       0.118270
       1.834440       3.821815      -0.086878      -0.086878      -0.086878      -0.086878      -0.086878      -0.086878
       1.324240       4.054360      -0.078365      -0.078365      -0.078365      -0.078365      -0.078365      -0.078365
       1.480190       4.110490       0.004675       0.004675       0.004675       0.004675       0.004675       0.004675
       1.412220       4.092275      -0.060843      -0.060843      -0.060843      -0.060843      -0.060843      -0.060843
       1.572270       4.065380       0.060767       0.060767       0.060767       0.060767       0.060767       0.060767
       1.563210       4.063970       0.054632       0.054632       0.054632       0.054632       0.054632       0.054632
       1.243630       3.814835      -0.022982      -0.022982      -0.022982      -0.022982      -0.022982      -0.022982
       1.388560       3.477230       0.050640       0.050640       0.050640       0.050640       0.050640       0.050640
       1.369140       3.621255       0.041142       0.041142       0.041142       0.041142       0.041142       0.041142
       1.481580       3.397890       0.141630       0.141630       0.141630       0.141630       0.141630       0.141630
       1.534700       3.226380      -0.029367      -0.029367      -0.029367      -0.029367      -0.029367      -0.029367
       1.588500       2.893480       0.186673       0.186673       0.186673       0.186673       0.186673       0.186673
       1.389770       2.896740       0.100205       0.100205       0.100205       0.100205       0.100205       0.100205
       1.641500       2.738000       0.116272       0.116272       0.116272       0.116272       0.116272       0.116272
       1.688120       2.615740      -0.009107      -0.009107      -0.009107      -0.009107      -0.009107      -0.009107
       1.509460       2.579470      -0.000705      -0.000705      -0.000705      -0.000705      -0.000705      -0.000705
       1.563470       2.670615      -0.168802      -0.168802      -0.168802      -0.168802      -0.168802      -0.168802
       1.836670       2.443335      -0.111682      -0.111682      -0.111682      -0.111682      -0.111682      -0.111682
       2.157980       2.632430      -0.166450      -0.166450      -0.166450      -0.166450      -0.166450      -0.166450
       1.945340       2.666880      -0.079370      -0.079370      -0.079370      -0.079370      -0.079370      -0.079370
       2.170500       2.918000      -0.018135      -0.018135      -0.018135      -0.018135      -0.018135      -0.018135
       2.097390       2.809995      -0.113640      -0.113640      -0.113640      -0.113640      -0.113640      -0.113640
       2.472770       3.121135       0.017225       0.017225       0.017225       0.017225       0.017225       0.017225
       2.339480       3.246245      -0.054003      -0.054003      -0.054003      -0.054003      -0.054003      -0.054003
       2.581950       3.686785       0.062555       0.062555       0.062555       0.062555       0.062555       0.062555
       2.796820       3.609580      -0.038603      -0.038603      -0.038603      -0.038603      -0.038603      -0.038603
       3.011380       0.229440       0.229440       0.229440       0.229440       0.229440       0.229440       0.229440
       3.163580       0.294535       0.294535       0.294535       0.294535       0.294535       0.294535       0.294535
       3.073960      -0.051945      -0.051945      -0.051945      -0.051945      -0.051945      -0.051945      -0.051945
       2.983530       0.137535       0.137535       0.137535       0.137535       0.137535       0.137535       0.137535
       3.099270       0.061800       0.061800       0.061800       0.061800       0.061800       0.061800       0.061800
       3.259430       0.252600       0.252600       0.252600       0.252600       0.252600       0.252600       0.252600
       3.651880      -0.079490      -0.079490      -0.079490      -0.079490      -0.079490      -0.079490      -0.079490
       3.453510      -0.137235      -0.137235      -0.137235      -0.137235      -0.137235      -0.137235      -0.137235
       3.821620       0.139800       0.139800       0.139800       0.139800       0.139800       0.139800       0.139800
       3.616920       0.047405       0.047405       0.047405       0.047405       0.047405       0.047405       0.047405
       4.032450      -0.159490      -0.159490      -0.159490      -0.159490      -0.159490      -0.159490      -0.159490
       3.806910       0.007650       0.007650       0.007650       0.007650       0.007650       0.007650       0.007650
       3.785320      -0.001625      -0.001625      -0.001625      -0.001625      -0.001625      -0.001625      -0.001625
       3.858310      -0.115380      -0.115380      -0.115380      -0.115380      -0.115380      -0.115380      -0.115380
       4.076900      -0.153260      -0.153260      -0.153260      -0.153260      -0.153260      -0.153260      -0.153260
       4.031820      -0.203390      -0.203390      -0.203390      -0.203390      -0.203390      -0.203390      -0.203390
       3.987430      -0.093215      -0.093215      -0.093215      -0.093215      -0.093215      -0.093215      -0.093215
       4.233550       0.147335       0.147335       0.147335       0.147335       0.147335       0.147335       0.147335
       4.107550      -0.125505      -0.125505      -0.125505      -0.125505      -0.125505      -0.125505      -0.125505
       4.077000      -0.255100      -0.255100      -0.255100      -0.255100      -0.255100      -0.255100      -0.255100
       4.238680      -0.033985      -0.033985      -0.033985      -0.033985      -0.033985      -0.033985      -0.033985
       3.892080      -0.004530      -0.004530      -0.004530      -0.004530      -0.004530      -0.004530      -0.004530
       4.088430       0.072465       0.072465       0.072465       0.072465       0.072465       0.072465       0.072465
       4.039510       0.056220       0.056220       0.056220       0.056220       0.056220       0.056220       0.056220
       3.798460       0.026900       0.026900       0.026900       0.026900       0.026900       0.026900       0.026900
       3.831210       0.125865       0.125865       0.125865       0.125865       0.125865       0.125865       0.125865
       3.518530      -0.089330      -0.089330      -0.089330      -0.089330      -0.089330      -0.089330      -0.089330
       3.435930       0.136600       0.136600       0.136600       0.136600       0.136600       0.136600       0.136600
       3.598620      -0.106320      -0.106320      -0.106320      -0.106320      -0.106320      -0.106320      -0.106320
       3.643890      -0.036555      -0.036555      -0.036555      -0.036555      -0.036555      -0.036555      -0.036555
       3.640140      -0.066645      -0.066645      -0.066645      -0.066645      -0.066645      -0.066645      -0.066645
       3.155640       0.107435       0.107435       0.107435       0.107435       0.107435       0.107435       0.107435
       3.292310       0.076100       0.076100       0.076100       0.076100       0.076100       0.076100       0.076100
       3.160450      -0.045215      -0.045215      -0.045215      -0.045215      -0.045215      -0.045215      -0.045215
       2.851170       0.080080       0.080080       0.080080       0.080080       0.080080       0.080080       0.080080
       2.935790      -0.099185      -0.099185      -0.099185      -0.099185      -0.099185      -0.099185      -0.099185
       2.773800      -0.102350      -0.102350      -0.102350      -0.102350      -0.102350      -0.102350      -0.102350
       3.019680      -0.112770      -0.112770      -0.112770      -0.112770      -0.112770      -0.112770      -0.112770
       2.713170       0.036495       0.036495       0.036495       0.036495       0.036495       0.036495       0.036495
       2.762830      -0.022540      -0.022540      -0.022540      -0.022540      -0.022540      -0.022540      -0.022540
       2.529110       0.123060       0.123060       0.123060       0.123060       0.123060       0.123060       0.123060
       2.702370      -0.015275      -0.015275      -0.015275      -0.015275      -0.015275      -0.015275      -0.015275
       2.495920      -0.173300      -0.173300      -0.173300      -0.173300      -0.173300      -0.173300      -0.173300
       2.663020      -0.024460      -0.024460      -0.024460      -0.024460      -0.024460      -0.024460      -0.024460
       2.661030       0.016375       0.016375       0.016375       0.016375       0.016375       0.016375       0.016375
       2.680200      -0.041300      -0.041300      -0.041300      -0.041300      -0.041300      -0.041300      -0.041300
       2.530590       0.022635       0.022635       0.022635       0.022635       0.022635       0.022635       0.022635
       2.356080      -0.242250      -0.242250      -0.242250      -0.242250      -0.242250      -0.242250      -0.242250
       2.447220      -0.065930      -0.065930      -0.065930      -0.065930      -0.065930      -0.065930      -0.065930
       2.817640       0.042310       0.042310       0.042310       0.042310       0.042310       0.042310       0.042310
       2.474960       0.122940       0.122940       0.122940       0.122940       0.122940       0.122940       0.122940
       2.858800       0.024830       0.024830       0.024830       0.024830       0.024830       0.024830       0.024830
       2.771190       0.086630       0.086630       0.086630       0.086630       0.086630       0.086630       0.086630
       3.064810       0.083550       0.083550       0.083550       0.083550       0.083550       0.083550       0.083550
       2.678680       0.009585       0.009585       0.009585       0.009585       0.009585       0.009585       0.009585
       2.941310      -0.087255      -0.087255      -0.087255      -0.087255      -0.087255      -0.087255      -0.087255
       2.860590       0.185210       0.185210       0.185210       0.185210       0.185210       0.185210       0.185210
       3.381680       0.191920       0.191920       0.191920       0.191920       0.191920       0.191920       0.191920
       3.001940       0.146810       0.146810       0.146810       0.146810       0.146810       0.146810       0.146810
       3.490550       0.131315       0.131315       0.131315       0.131315       0.131315       0.131315       0.131315
       3.618940       0.260545       0.260545       0.260545       0.260545       0.260545       0.260545       0.260545
       3.754630       0.244305       0.244305       0.244305       0.244305       0.244305       0.244305       0.244305
       3.474360       0.067845       0.067845       0.067845       0.067845       0.067845       0.067845       0.067845
       3.744800       0.135220       0.135220       0.135220       0.135220       0.135220       0.135220       0.135220
